0.00008988
0.0001785
0.0008999
0.0012506
0.001429
0.001696
0.0017837
0.003214
0.003733
0.005887
0.00973
0.534
0.862
0.971
1.532
1.54
1.738
1.82
1.85
1.87
1.873
2.067
3.513
2.267
2.3296
2.34
2.64
2.698
2.989
3.122
3.594
4.469
4.540
4.809
4.93
5.243
5.323
5.50
5.776
5.907
6.11
6.145
6.232
6.506
6.685
6.770
6.773
6.965
7
7.007
7.134
7.15
7.26
7.287
7.310
7.44
7.52
7.874
7.895
8.229
8.55
8.570
8.69
8.795
8.86
8.912
8.96
9.066
9.32
9.32
9.321
9.807
9.807
9.84
9.84
10.07
10.22
10.501
11.342
11.342
11.50
11.72
11.85
11.85
12.020
12.37
12.41
13.31
13.5
13.51
13.5336
13.5336
13.69
14.79
15.10
15.37
16.654
18.1
18.95
19.25
19.282
19.282
19.816
20.45
21.02
21.46
21.46
22.610
22.650
35
35
37
39
41
-1
-1
-1
-1